jaccard	HC1	HC11	HC18	HC8	Patient29	Patient20	Patient9	Patient4	Patient16	HC14	HC15	Patient13	Patient7	HC25	HC6	Patient10	Patient12	Patient3	Patient11	Patient30	Patient31	Patient38	Patient5	Patient33	Patient34	Patient47	Patient6	Patient23	Patient32	Patient51	Patient39	HC5	HC17	HC23	HC4	Patient15	HC3	Patient27	Patient49	Patient50	HC21	Patient35	Patient28	HC19	Patient8	HC7	Patient14	Patient44	Patient52	HC22	HC24	HC10	HC2	HC12	Patient37	HC16	Patient40	Patient26	Patient24	Patient17
HC1	0	0.795	0.765	0.792	0.848	0.905	0.889	0.869	0.878	0.904	0.826	0.814	0.886	0.835	0.903	0.923	0.910	0.890	0.919	0.922	0.888	0.980	0.987	0.890	0.921	0.881	0.899	0.981	0.908	0.829	0.942	0.844	0.866	0.838	0.845	0.893	0.792	0.951	0.856	0.816	0.847	0.982	0.867	0.885	0.864	0.912	0.968	0.943	0.891	0.869	0.894	0.828	0.891	0.920	0.959	0.857	0.917	0.912	0.938	0.958
HC11	0.795	0	0.758	0.681	0.724	0.858	0.822	0.878	0.841	0.814	0.784	0.740	0.768	0.799	0.831	0.836	0.842	0.762	0.832	0.861	0.932	0.968	0.979	0.815	0.798	0.821	0.839	0.971	0.853	0.819	0.871	0.731	0.797	0.796	0.846	0.853	0.765	0.898	0.853	0.752	0.827	0.972	0.810	0.773	0.839	0.824	0.933	0.870	0.870	0.862	0.911	0.797	0.807	0.879	0.903	0.851	0.870	0.816	0.902	0.876
HC18	0.765	0.758	0	0.675	0.650	0.777	0.748	0.794	0.746	0.815	0.763	0.776	0.764	0.771	0.812	0.912	0.836	0.808	0.856	0.894	0.909	0.975	0.985	0.856	0.817	0.782	0.848	0.980	0.868	0.831	0.869	0.821	0.838	0.770	0.807	0.799	0.788	0.943	0.844	0.765	0.752	0.980	0.829	0.856	0.783	0.867	0.939	0.883	0.822	0.835	0.869	0.797	0.810	0.875	0.899	0.818	0.862	0.882	0.944	0.937
HC8	0.792	0.681	0.675	0	0.552	0.660	0.636	0.722	0.743	0.794	0.796	0.751	0.757	0.788	0.794	0.853	0.845	0.785	0.801	0.900	0.925	0.962	0.983	0.837	0.834	0.831	0.820	0.970	0.860	0.820	0.828	0.736	0.805	0.798	0.873	0.832	0.828	0.918	0.854	0.792	0.826	0.969	0.816	0.818	0.796	0.787	0.921	0.905	0.796	0.851	0.899	0.804	0.831	0.871	0.920	0.865	0.870	0.837	0.941	0.915
Patient29	0.848	0.724	0.650	0.552	0	0.689	0.673	0.766	0.716	0.766	0.795	0.755	0.731	0.783	0.777	0.862	0.781	0.755	0.789	0.853	0.922	0.966	0.982	0.846	0.792	0.829	0.804	0.971	0.850	0.824	0.827	0.766	0.818	0.762	0.857	0.793	0.823	0.897	0.849	0.763	0.810	0.971	0.881	0.797	0.769	0.833	0.920	0.876	0.795	0.852	0.905	0.851	0.845	0.876	0.919	0.881	0.881	0.826	0.928	0.881
Patient20	0.905	0.858	0.777	0.660	0.689	0	0.635	0.738	0.837	0.860	0.859	0.872	0.836	0.904	0.891	0.884	0.817	0.796	0.878	0.882	0.921	0.934	0.945	0.891	0.851	0.832	0.840	0.932	0.801	0.846	0.795	0.884	0.846	0.905	0.926	0.811	0.904	0.888	0.795	0.866	0.874	0.937	0.877	0.883	0.793	0.916	0.880	0.867	0.828	0.938	0.953	0.940	0.924	0.957	0.894	0.952	0.871	0.878	0.952	0.936
Patient9	0.889	0.822	0.748	0.636	0.673	0.635	0	0.649	0.752	0.865	0.900	0.876	0.840	0.891	0.861	0.853	0.842	0.787	0.878	0.866	0.952	0.975	0.985	0.908	0.886	0.898	0.844	0.972	0.887	0.890	0.856	0.870	0.842	0.901	0.893	0.855	0.866	0.878	0.876	0.810	0.840	0.976	0.911	0.883	0.765	0.922	0.912	0.864	0.798	0.917	0.943	0.929	0.873	0.927	0.896	0.938	0.903	0.834	0.914	0.912
Patient4	0.869	0.878	0.794	0.722	0.766	0.738	0.649	0	0.829	0.915	0.907	0.900	0.863	0.941	0.954	0.916	0.908	0.845	0.936	0.927	0.925	0.968	0.981	0.939	0.934	0.923	0.921	0.972	0.916	0.906	0.942	0.925	0.918	0.928	0.927	0.935	0.920	0.929	0.910	0.874	0.909	0.939	0.918	0.956	0.834	0.910	0.917	0.940	0.804	0.958	0.953	0.954	0.897	0.951	0.938	0.957	0.926	0.932	0.933	0.939
Patient16	0.878	0.841	0.746	0.743	0.716	0.837	0.752	0.829	0	0.886	0.800	0.825	0.878	0.805	0.875	0.914	0.896	0.868	0.790	0.893	0.946	0.966	0.978	0.860	0.850	0.848	0.857	0.959	0.913	0.906	0.909	0.879	0.942	0.859	0.930	0.877	0.896	0.825	0.904	0.856	0.895	0.956	0.891	0.924	0.806	0.870	0.943	0.944	0.778	0.902	0.942	0.899	0.909	0.904	0.950	0.911	0.902	0.915	0.914	0.933
HC14	0.904	0.814	0.815	0.794	0.766	0.860	0.865	0.915	0.886	0	0.744	0.703	0.778	0.786	0.770	0.879	0.821	0.782	0.745	0.886	0.921	0.957	0.965	0.896	0.777	0.782	0.798	0.954	0.855	0.794	0.854	0.733	0.785	0.849	0.864	0.836	0.842	0.913	0.846	0.814	0.847	0.978	0.845	0.819	0.878	0.795	0.930	0.855	0.946	0.866	0.914	0.852	0.851	0.858	0.930	0.859	0.890	0.870	0.922	0.915
HC15	0.826	0.784	0.763	0.796	0.795	0.859	0.900	0.907	0.800	0.744	0	0.673	0.730	0.704	0.807	0.920	0.818	0.834	0.733	0.892	0.891	0.966	0.978	0.845	0.790	0.721	0.844	0.974	0.794	0.728	0.827	0.759	0.778	0.757	0.819	0.783	0.792	0.918	0.778	0.822	0.809	0.978	0.784	0.857	0.852	0.813	0.902	0.857	0.935	0.800	0.890	0.800	0.876	0.878	0.876	0.842	0.831	0.912	0.921	0.914
Patient13	0.814	0.740	0.776	0.751	0.755	0.872	0.876	0.900	0.825	0.703	0.673	0	0.659	0.773	0.777	0.887	0.802	0.791	0.778	0.877	0.893	0.960	0.970	0.831	0.765	0.728	0.819	0.962	0.824	0.779	0.841	0.764	0.788	0.786	0.841	0.823	0.811	0.912	0.828	0.810	0.801	0.974	0.803	0.839	0.852	0.799	0.897	0.860	0.940	0.821	0.882	0.836	0.815	0.851	0.905	0.858	0.828	0.898	0.911	0.893
Patient7	0.886	0.768	0.764	0.757	0.731	0.836	0.840	0.863	0.878	0.778	0.730	0.659	0	0.799	0.819	0.855	0.737	0.706	0.830	0.885	0.931	0.962	0.984	0.841	0.810	0.789	0.803	0.974	0.811	0.788	0.796	0.805	0.792	0.803	0.846	0.792	0.830	0.905	0.820	0.812	0.758	0.966	0.818	0.832	0.833	0.840	0.866	0.825	0.934	0.836	0.898	0.845	0.819	0.884	0.880	0.877	0.836	0.876	0.944	0.880
HC25	0.835	0.799	0.771	0.788	0.783	0.904	0.891	0.941	0.805	0.786	0.704	0.773	0.799	0	0.772	0.908	0.857	0.840	0.736	0.912	0.931	0.973	0.986	0.857	0.793	0.794	0.808	0.983	0.879	0.845	0.891	0.787	0.862	0.741	0.821	0.822	0.801	0.933	0.858	0.831	0.829	0.986	0.863	0.826	0.911	0.822	0.951	0.897	0.934	0.866	0.902	0.798	0.866	0.870	0.952	0.829	0.891	0.894	0.950	0.925
HC6	0.903	0.831	0.812	0.794	0.777	0.891	0.861	0.954	0.875	0.770	0.807	0.777	0.819	0.772	0	0.773	0.783	0.704	0.714	0.900	0.941	0.978	0.986	0.866	0.806	0.804	0.809	0.971	0.894	0.852	0.861	0.793	0.760	0.837	0.872	0.858	0.863	0.934	0.885	0.841	0.837	0.981	0.883	0.765	0.909	0.802	0.949	0.886	0.940	0.877	0.921	0.851	0.813	0.853	0.856	0.862	0.921	0.864	0.946	0.926
Patient10	0.923	0.836	0.912	0.853	0.862	0.884	0.853	0.916	0.914	0.879	0.920	0.887	0.855	0.908	0.773	0	0.788	0.701	0.814	0.876	0.933	0.954	0.968	0.881	0.892	0.909	0.837	0.952	0.902	0.917	0.897	0.874	0.795	0.909	0.904	0.888	0.884	0.896	0.864	0.893	0.886	0.949	0.917	0.849	0.886	0.910	0.927	0.886	0.920	0.958	0.952	0.916	0.891	0.937	0.873	0.941	0.909	0.851	0.929	0.902
Patient12	0.910	0.842	0.836	0.845	0.781	0.817	0.842	0.908	0.896	0.821	0.818	0.802	0.737	0.857	0.783	0.788	0	0.679	0.803	0.896	0.943	0.976	0.987	0.882	0.872	0.849	0.848	0.976	0.862	0.817	0.824	0.858	0.740	0.860	0.883	0.763	0.853	0.924	0.800	0.874	0.799	0.978	0.870	0.831	0.791	0.895	0.874	0.880	0.954	0.903	0.910	0.904	0.926	0.951	0.888	0.915	0.859	0.888	0.864	0.884
Patient3	0.890	0.762	0.808	0.785	0.755	0.796	0.787	0.845	0.868	0.782	0.834	0.791	0.706	0.840	0.704	0.701	0.679	0	0.762	0.870	0.949	0.974	0.986	0.855	0.840	0.823	0.785	0.976	0.841	0.847	0.826	0.832	0.746	0.867	0.881	0.812	0.862	0.889	0.828	0.835	0.810	0.976	0.836	0.820	0.787	0.835	0.873	0.778	0.889	0.920	0.946	0.908	0.813	0.901	0.883	0.917	0.862	0.841	0.937	0.879
Patient11	0.919	0.832	0.856	0.801	0.789	0.878	0.878	0.936	0.790	0.745	0.733	0.778	0.830	0.736	0.714	0.814	0.803	0.762	0	0.874	0.937	0.967	0.976	0.890	0.782	0.820	0.794	0.962	0.872	0.825	0.862	0.778	0.784	0.858	0.867	0.867	0.847	0.912	0.855	0.846	0.874	0.967	0.835	0.781	0.886	0.772	0.924	0.904	0.922	0.888	0.941	0.875	0.889	0.873	0.954	0.893	0.916	0.857	0.919	0.900
Patient30	0.922	0.861	0.894	0.900	0.853	0.882	0.866	0.927	0.893	0.886	0.892	0.877	0.885	0.912	0.900	0.876	0.896	0.870	0.874	0	0.765	0.812	0.831	0.714	0.738	0.730	0.720	0.813	0.840	0.886	0.895	0.882	0.887	0.896	0.892	0.913	0.884	0.746	0.820	0.860	0.916	0.794	0.922	0.903	0.880	0.878	0.947	0.885	0.915	0.919	0.944	0.932	0.897	0.925	0.930	0.937	0.923	0.890	0.879	0.887
Patient31	0.888	0.932	0.909	0.925	0.922	0.921	0.952	0.925	0.946	0.921	0.891	0.893	0.931	0.931	0.941	0.933	0.943	0.949	0.937	0.765	0	0.601	0.614	0.651	0.828	0.732	0.777	0.759	0.888	0.896	0.934	0.914	0.921	0.894	0.895	0.921	0.893	0.822	0.830	0.902	0.917	0.755	0.936	0.948	0.928	0.941	0.963	0.947	0.952	0.910	0.924	0.923	0.920	0.969	0.959	0.911	0.902	0.946	0.960	0.966
Patient38	0.980	0.968	0.975	0.962	0.966	0.934	0.975	0.968	0.966	0.957	0.966	0.960	0.962	0.973	0.978	0.954	0.976	0.974	0.967	0.812	0.601	0	0.395	0.729	0.859	0.837	0.836	0.780	0.911	0.968	0.945	0.929	0.952	0.959	0.977	0.975	0.966	0.839	0.904	0.966	0.952	0.753	0.970	0.981	0.946	0.961	0.964	0.973	0.961	0.970	0.973	0.975	0.953	0.967	0.956	0.966	0.952	0.965	0.974	0.978
Patient5	0.987	0.979	0.985	0.983	0.982	0.945	0.985	0.981	0.978	0.965	0.978	0.970	0.984	0.986	0.986	0.968	0.987	0.986	0.976	0.831	0.614	0.395	0	0.739	0.877	0.840	0.851	0.795	0.935	0.976	0.961	0.965	0.977	0.980	0.980	0.981	0.979	0.868	0.926	0.968	0.984	0.777	0.986	0.985	0.982	0.968	0.984	0.985	0.977	0.980	0.981	0.988	0.973	0.983	0.985	0.970	0.967	0.980	0.985	0.989
Patient33	0.890	0.815	0.856	0.837	0.846	0.891	0.908	0.939	0.860	0.896	0.845	0.831	0.841	0.857	0.866	0.881	0.882	0.855	0.890	0.714	0.651	0.729	0.739	0	0.750	0.680	0.720	0.726	0.844	0.883	0.868	0.843	0.898	0.837	0.882	0.874	0.854	0.804	0.827	0.865	0.879	0.759	0.880	0.882	0.872	0.876	0.965	0.913	0.910	0.892	0.923	0.887	0.867	0.925	0.930	0.874	0.871	0.853	0.950	0.916
Patient34	0.921	0.798	0.817	0.834	0.792	0.851	0.886	0.934	0.850	0.777	0.790	0.765	0.810	0.793	0.806	0.892	0.872	0.840	0.782	0.738	0.828	0.859	0.877	0.750	0	0.654	0.704	0.851	0.820	0.831	0.844	0.814	0.875	0.839	0.868	0.877	0.843	0.806	0.817	0.792	0.851	0.860	0.877	0.826	0.871	0.808	0.941	0.876	0.932	0.884	0.925	0.859	0.874	0.838	0.915	0.888	0.893	0.859	0.907	0.923
Patient47	0.881	0.821	0.782	0.831	0.829	0.832	0.898	0.923	0.848	0.782	0.721	0.728	0.789	0.794	0.804	0.909	0.849	0.823	0.820	0.730	0.732	0.837	0.840	0.680	0.654	0	0.694	0.838	0.802	0.745	0.823	0.811	0.844	0.825	0.851	0.836	0.840	0.813	0.792	0.820	0.834	0.839	0.826	0.854	0.870	0.843	0.912	0.849	0.947	0.847	0.908	0.860	0.866	0.859	0.905	0.873	0.858	0.899	0.961	0.912
Patient6	0.899	0.839	0.848	0.820	0.804	0.840	0.844	0.921	0.857	0.798	0.844	0.819	0.803	0.808	0.809	0.837	0.848	0.785	0.794	0.720	0.777	0.836	0.851	0.720	0.704	0.694	0	0.836	0.854	0.851	0.855	0.807	0.869	0.843	0.891	0.856	0.854	0.775	0.771	0.834	0.845	0.838	0.903	0.841	0.872	0.823	0.930	0.881	0.931	0.893	0.929	0.863	0.879	0.891	0.941	0.893	0.903	0.875	0.918	0.920
Patient23	0.981	0.971	0.980	0.970	0.971	0.932	0.972	0.972	0.959	0.954	0.974	0.962	0.974	0.983	0.971	0.952	0.976	0.976	0.962	0.813	0.759	0.780	0.795	0.726	0.851	0.838	0.836	0	0.925	0.972	0.927	0.945	0.968	0.964	0.975	0.975	0.966	0.855	0.906	0.968	0.971	0.794	0.976	0.982	0.942	0.970	0.975	0.977	0.971	0.979	0.978	0.984	0.960	0.977	0.977	0.965	0.956	0.888	0.965	0.978
Patient32	0.908	0.853	0.868	0.860	0.850	0.801	0.887	0.916	0.913	0.855	0.794	0.824	0.811	0.879	0.894	0.902	0.862	0.841	0.872	0.840	0.888	0.911	0.935	0.844	0.820	0.802	0.854	0.925	0	0.706	0.725	0.828	0.813	0.843	0.883	0.788	0.847	0.885	0.782	0.846	0.830	0.920	0.812	0.879	0.851	0.880	0.828	0.804	0.898	0.796	0.924	0.904	0.901	0.912	0.828	0.902	0.839	0.896	0.949	0.930
Patient51	0.829	0.819	0.831	0.820	0.824	0.846	0.890	0.906	0.906	0.794	0.728	0.779	0.788	0.845	0.852	0.917	0.817	0.847	0.825	0.886	0.896	0.968	0.976	0.883	0.831	0.745	0.851	0.972	0.706	0	0.809	0.808	0.818	0.842	0.880	0.805	0.842	0.919	0.767	0.793	0.843	0.972	0.759	0.852	0.831	0.804	0.902	0.867	0.925	0.834	0.909	0.859	0.901	0.905	0.876	0.874	0.857	0.910	0.906	0.943
Patient39	0.942	0.871	0.869	0.828	0.827	0.795	0.856	0.942	0.909	0.854	0.827	0.841	0.796	0.891	0.861	0.897	0.824	0.826	0.862	0.895	0.934	0.945	0.961	0.868	0.844	0.823	0.855	0.927	0.725	0.809	0	0.848	0.828	0.879	0.910	0.763	0.870	0.911	0.808	0.892	0.804	0.948	0.833	0.855	0.837	0.870	0.814	0.805	0.845	0.827	0.843	0.908	0.903	0.897	0.811	0.906	0.832	0.872	0.960	0.933
HC5	0.844	0.731	0.821	0.736	0.766	0.884	0.870	0.925	0.879	0.733	0.759	0.764	0.805	0.787	0.793	0.874	0.858	0.832	0.778	0.882	0.914	0.929	0.965	0.843	0.814	0.811	0.807	0.945	0.828	0.808	0.848	0	0.781	0.795	0.838	0.850	0.792	0.899	0.832	0.818	0.825	0.964	0.809	0.794	0.846	0.798	0.923	0.909	0.913	0.851	0.912	0.830	0.858	0.854	0.904	0.846	0.874	0.838	0.926	0.925
HC17	0.866	0.797	0.838	0.805	0.818	0.846	0.842	0.918	0.942	0.785	0.778	0.788	0.792	0.862	0.760	0.795	0.740	0.746	0.784	0.887	0.921	0.952	0.977	0.898	0.875	0.844	0.869	0.968	0.813	0.818	0.828	0.781	0	0.857	0.867	0.826	0.818	0.920	0.854	0.871	0.815	0.972	0.852	0.784	0.888	0.885	0.907	0.879	0.935	0.881	0.923	0.882	0.871	0.921	0.896	0.898	0.872	0.873	0.950	0.901
HC23	0.838	0.796	0.770	0.798	0.762	0.905	0.901	0.928	0.859	0.849	0.757	0.786	0.803	0.741	0.837	0.909	0.860	0.867	0.858	0.896	0.894	0.959	0.980	0.837	0.839	0.825	0.843	0.964	0.843	0.842	0.879	0.795	0.857	0	0.723	0.706	0.717	0.924	0.843	0.844	0.802	0.969	0.873	0.846	0.894	0.842	0.941	0.910	0.932	0.842	0.897	0.814	0.874	0.898	0.933	0.813	0.858	0.905	0.948	0.923
HC4	0.845	0.846	0.807	0.873	0.857	0.926	0.893	0.927	0.930	0.864	0.819	0.841	0.846	0.821	0.872	0.904	0.883	0.881	0.867	0.892	0.895	0.977	0.980	0.882	0.868	0.851	0.891	0.975	0.883	0.880	0.910	0.838	0.867	0.723	0	0.610	0.746	0.927	0.844	0.835	0.815	0.974	0.903	0.865	0.899	0.896	0.944	0.890	0.938	0.878	0.894	0.866	0.887	0.924	0.937	0.866	0.892	0.882	0.957	0.915
Patient15	0.893	0.853	0.799	0.832	0.793	0.811	0.855	0.935	0.877	0.836	0.783	0.823	0.792	0.822	0.858	0.888	0.763	0.812	0.867	0.913	0.921	0.975	0.981	0.874	0.877	0.836	0.856	0.975	0.788	0.805	0.763	0.850	0.826	0.706	0.610	0	0.785	0.924	0.751	0.889	0.790	0.970	0.803	0.859	0.837	0.897	0.845	0.819	0.922	0.875	0.895	0.877	0.902	0.939	0.830	0.875	0.816	0.886	0.948	0.925
HC3	0.792	0.765	0.788	0.828	0.823	0.904	0.866	0.920	0.896	0.842	0.792	0.811	0.830	0.801	0.863	0.884	0.853	0.862	0.847	0.884	0.893	0.966	0.979	0.854	0.843	0.840	0.854	0.966	0.847	0.842	0.870	0.792	0.818	0.717	0.746	0.785	0	0.936	0.842	0.802	0.774	0.969	0.869	0.798	0.845	0.862	0.934	0.900	0.910	0.849	0.864	0.819	0.867	0.896	0.923	0.818	0.865	0.866	0.936	0.908
Patient27	0.951	0.898	0.943	0.918	0.897	0.888	0.878	0.929	0.825	0.913	0.918	0.912	0.905	0.933	0.934	0.896	0.924	0.889	0.912	0.746	0.822	0.839	0.868	0.804	0.806	0.813	0.775	0.855	0.885	0.919	0.911	0.899	0.920	0.924	0.927	0.924	0.936	0	0.830	0.930	0.935	0.855	0.939	0.932	0.911	0.925	0.939	0.920	0.908	0.960	0.966	0.963	0.925	0.960	0.928	0.962	0.934	0.915	0.911	0.942
Patient49	0.856	0.853	0.844	0.854	0.849	0.795	0.876	0.910	0.904	0.846	0.778	0.828	0.820	0.858	0.885	0.864	0.800	0.828	0.855	0.820	0.830	0.904	0.926	0.827	0.817	0.792	0.771	0.906	0.782	0.767	0.808	0.832	0.854	0.843	0.844	0.751	0.842	0.830	0	0.867	0.812	0.897	0.818	0.897	0.795	0.851	0.854	0.845	0.905	0.902	0.924	0.892	0.930	0.959	0.856	0.906	0.833	0.885	0.855	0.955
Patient50	0.816	0.752	0.765	0.792	0.763	0.866	0.810	0.874	0.856	0.814	0.822	0.810	0.812	0.831	0.841	0.893	0.874	0.835	0.846	0.860	0.902	0.966	0.968	0.865	0.792	0.820	0.834	0.968	0.846	0.793	0.892	0.818	0.871	0.844	0.835	0.889	0.802	0.930	0.867	0	0.858	0.951	0.883	0.810	0.835	0.855	0.953	0.862	0.882	0.836	0.907	0.847	0.798	0.869	0.940	0.876	0.901	0.847	0.922	0.909
HC21	0.847	0.827	0.752	0.826	0.810	0.874	0.840	0.909	0.895	0.847	0.809	0.801	0.758	0.829	0.837	0.886	0.799	0.810	0.874	0.916	0.917	0.952	0.984	0.879	0.851	0.834	0.845	0.971	0.830	0.843	0.804	0.825	0.815	0.802	0.815	0.790	0.774	0.935	0.812	0.858	0	0.959	0.855	0.854	0.799	0.883	0.872	0.878	0.917	0.872	0.871	0.821	0.856	0.856	0.862	0.822	0.849	0.883	0.969	0.926
Patient35	0.982	0.972	0.980	0.969	0.971	0.937	0.976	0.939	0.956	0.978	0.978	0.974	0.966	0.986	0.981	0.949	0.978	0.976	0.967	0.794	0.755	0.753	0.777	0.759	0.860	0.839	0.838	0.794	0.920	0.972	0.948	0.964	0.972	0.969	0.974	0.970	0.969	0.855	0.897	0.951	0.959	0	0.977	0.980	0.968	0.938	0.956	0.977	0.953	0.983	0.980	0.984	0.961	0.970	0.973	0.978	0.966	0.967	0.951	0.978
Patient28	0.867	0.810	0.829	0.816	0.881	0.877	0.911	0.918	0.891	0.845	0.784	0.803	0.818	0.863	0.883	0.917	0.870	0.836	0.835	0.922	0.936	0.970	0.986	0.880	0.877	0.826	0.903	0.976	0.812	0.759	0.833	0.809	0.852	0.873	0.903	0.803	0.869	0.939	0.818	0.883	0.855	0.977	0	0.900	0.843	0.837	0.878	0.872	0.913	0.896	0.930	0.868	0.891	0.897	0.861	0.902	0.852	0.905	0.929	0.951
HC19	0.885	0.773	0.856	0.818	0.797	0.883	0.883	0.956	0.924	0.819	0.857	0.839	0.832	0.826	0.765	0.849	0.831	0.820	0.781	0.903	0.948	0.981	0.985	0.882	0.826	0.854	0.841	0.982	0.879	0.852	0.855	0.794	0.784	0.846	0.865	0.859	0.798	0.932	0.897	0.810	0.854	0.980	0.900	0	0.920	0.871	0.953	0.910	0.936	0.883	0.911	0.858	0.886	0.858	0.955	0.869	0.919	0.859	0.960	0.899
Patient8	0.864	0.839	0.783	0.796	0.769	0.793	0.765	0.834	0.806	0.878	0.852	0.852	0.833	0.911	0.909	0.886	0.791	0.787	0.886	0.880	0.928	0.946	0.982	0.872	0.871	0.870	0.872	0.942	0.851	0.831	0.837	0.846	0.888	0.894	0.899	0.837	0.845	0.911	0.795	0.835	0.799	0.968	0.843	0.920	0	0.889	0.879	0.862	0.787	0.900	0.917	0.916	0.898	0.914	0.838	0.916	0.853	0.844	0.873	0.944
HC7	0.912	0.824	0.867	0.787	0.833	0.916	0.922	0.910	0.870	0.795	0.813	0.799	0.840	0.822	0.802	0.910	0.895	0.835	0.772	0.878	0.941	0.961	0.968	0.876	0.808	0.843	0.823	0.970	0.880	0.804	0.870	0.798	0.885	0.842	0.896	0.897	0.862	0.925	0.851	0.855	0.883	0.938	0.837	0.871	0.889	0	0.933	0.918	0.883	0.886	0.937	0.866	0.856	0.862	0.949	0.879	0.888	0.907	0.906	0.948
Patient14	0.968	0.933	0.939	0.921	0.920	0.880	0.912	0.917	0.943	0.930	0.902	0.897	0.866	0.951	0.949	0.927	0.874	0.873	0.924	0.947	0.963	0.964	0.984	0.965	0.941	0.912	0.930	0.975	0.828	0.902	0.814	0.923	0.907	0.941	0.944	0.845	0.934	0.939	0.854	0.953	0.872	0.956	0.878	0.953	0.879	0.933	0	0.672	0.947	0.966	0.969	0.973	0.951	0.958	0.844	0.977	0.912	0.932	0.959	0.946
Patient44	0.943	0.870	0.883	0.905	0.876	0.867	0.864	0.940	0.944	0.855	0.857	0.860	0.825	0.897	0.886	0.886	0.880	0.778	0.904	0.885	0.947	0.973	0.985	0.913	0.876	0.849	0.881	0.977	0.804	0.867	0.805	0.909	0.879	0.910	0.890	0.819	0.900	0.920	0.845	0.862	0.878	0.977	0.872	0.910	0.862	0.918	0.672	0	0.942	0.931	0.952	0.945	0.876	0.924	0.821	0.952	0.893	0.860	0.946	0.899
Patient52	0.891	0.870	0.822	0.796	0.795	0.828	0.798	0.804	0.778	0.946	0.935	0.940	0.934	0.934	0.940	0.920	0.954	0.889	0.922	0.915	0.952	0.961	0.977	0.910	0.932	0.947	0.931	0.971	0.898	0.925	0.845	0.913	0.935	0.932	0.938	0.922	0.910	0.908	0.905	0.882	0.917	0.953	0.913	0.936	0.787	0.883	0.947	0.942	0	0.840	0.872	0.953	0.907	0.939	0.918	0.930	0.889	0.917	0.944	0.967
HC22	0.869	0.862	0.835	0.851	0.852	0.938	0.917	0.958	0.902	0.866	0.800	0.821	0.836	0.866	0.877	0.958	0.903	0.920	0.888	0.919	0.910	0.970	0.980	0.892	0.884	0.847	0.893	0.979	0.796	0.834	0.827	0.851	0.881	0.842	0.878	0.875	0.849	0.960	0.902	0.836	0.872	0.983	0.896	0.883	0.900	0.886	0.966	0.931	0.840	0	0.749	0.860	0.903	0.910	0.953	0.866	0.886	0.940	0.972	0.944
HC24	0.894	0.911	0.869	0.899	0.905	0.953	0.943	0.953	0.942	0.914	0.890	0.882	0.898	0.902	0.921	0.952	0.910	0.946	0.941	0.944	0.924	0.973	0.981	0.923	0.925	0.908	0.929	0.978	0.924	0.909	0.843	0.912	0.923	0.897	0.894	0.895	0.864	0.966	0.924	0.907	0.871	0.980	0.930	0.911	0.917	0.937	0.969	0.952	0.872	0.749	0	0.878	0.933	0.925	0.961	0.889	0.907	0.949	0.979	0.958
HC10	0.828	0.797	0.797	0.804	0.851	0.940	0.929	0.954	0.899	0.852	0.800	0.836	0.845	0.798	0.851	0.916	0.904	0.908	0.875	0.932	0.923	0.975	0.988	0.887	0.859	0.860	0.863	0.984	0.904	0.859	0.908	0.830	0.882	0.814	0.866	0.877	0.819	0.963	0.892	0.847	0.821	0.984	0.868	0.858	0.916	0.866	0.973	0.945	0.953	0.860	0.878	0	0.896	0.807	0.959	0.819	0.896	0.907	0.961	0.954
HC2	0.891	0.807	0.810	0.831	0.845	0.924	0.873	0.897	0.909	0.851	0.876	0.815	0.819	0.866	0.813	0.891	0.926	0.813	0.889	0.897	0.920	0.953	0.973	0.867	0.874	0.866	0.879	0.960	0.901	0.901	0.903	0.858	0.871	0.874	0.887	0.902	0.867	0.925	0.930	0.798	0.856	0.961	0.891	0.886	0.898	0.856	0.951	0.876	0.907	0.903	0.933	0.896	0	0.883	0.899	0.889	0.911	0.887	0.949	0.914
HC12	0.920	0.879	0.875	0.871	0.876	0.957	0.927	0.951	0.904	0.858	0.878	0.851	0.884	0.870	0.853	0.937	0.951	0.901	0.873	0.925	0.969	0.967	0.983	0.925	0.838	0.859	0.891	0.977	0.912	0.905	0.897	0.854	0.921	0.898	0.924	0.939	0.896	0.960	0.959	0.869	0.856	0.970	0.897	0.858	0.914	0.862	0.958	0.924	0.939	0.910	0.925	0.807	0.883	0	0.950	0.882	0.954	0.901	0.961	0.946
Patient37	0.959	0.903	0.899	0.920	0.919	0.894	0.896	0.938	0.950	0.930	0.876	0.905	0.880	0.952	0.856	0.873	0.888	0.883	0.954	0.930	0.959	0.956	0.985	0.930	0.915	0.905	0.941	0.977	0.828	0.876	0.811	0.904	0.896	0.933	0.937	0.830	0.923	0.928	0.856	0.940	0.862	0.973	0.861	0.955	0.838	0.949	0.844	0.821	0.918	0.953	0.961	0.959	0.899	0.950	0	0.949	0.898	0.940	0.948	0.967
HC16	0.857	0.851	0.818	0.865	0.881	0.952	0.938	0.957	0.911	0.859	0.842	0.858	0.877	0.829	0.862	0.941	0.915	0.917	0.893	0.937	0.911	0.966	0.970	0.874	0.888	0.873	0.893	0.965	0.902	0.874	0.906	0.846	0.898	0.813	0.866	0.875	0.818	0.962	0.906	0.876	0.822	0.978	0.902	0.869	0.916	0.879	0.977	0.952	0.930	0.866	0.889	0.819	0.889	0.882	0.949	0	0.876	0.940	0.963	0.955
Patient40	0.917	0.870	0.862	0.870	0.881	0.871	0.903	0.926	0.902	0.890	0.831	0.828	0.836	0.891	0.921	0.909	0.859	0.862	0.916	0.923	0.902	0.952	0.967	0.871	0.893	0.858	0.903	0.956	0.839	0.857	0.832	0.874	0.872	0.858	0.892	0.816	0.865	0.934	0.833	0.901	0.849	0.966	0.852	0.919	0.853	0.888	0.912	0.893	0.889	0.886	0.907	0.896	0.911	0.954	0.898	0.876	0	0.928	0.949	0.944
Patient26	0.912	0.816	0.882	0.837	0.826	0.878	0.834	0.932	0.915	0.870	0.912	0.898	0.876	0.894	0.864	0.851	0.888	0.841	0.857	0.890	0.946	0.965	0.980	0.853	0.859	0.899	0.875	0.888	0.896	0.910	0.872	0.838	0.873	0.905	0.882	0.886	0.866	0.915	0.885	0.847	0.883	0.967	0.905	0.859	0.844	0.907	0.932	0.860	0.917	0.940	0.949	0.907	0.887	0.901	0.940	0.940	0.928	0	0.938	0.911
Patient24	0.938	0.902	0.944	0.941	0.928	0.952	0.914	0.933	0.914	0.922	0.921	0.911	0.944	0.950	0.946	0.929	0.864	0.937	0.919	0.879	0.960	0.974	0.985	0.950	0.907	0.961	0.918	0.965	0.949	0.906	0.960	0.926	0.950	0.948	0.957	0.948	0.936	0.911	0.855	0.922	0.969	0.951	0.929	0.960	0.873	0.906	0.959	0.946	0.944	0.972	0.979	0.961	0.949	0.961	0.948	0.963	0.949	0.938	0	0.971
Patient17	0.958	0.876	0.937	0.915	0.881	0.936	0.912	0.939	0.933	0.915	0.914	0.893	0.880	0.925	0.926	0.902	0.884	0.879	0.900	0.887	0.966	0.978	0.989	0.916	0.923	0.912	0.920	0.978	0.930	0.943	0.933	0.925	0.901	0.923	0.915	0.925	0.908	0.942	0.955	0.909	0.926	0.978	0.951	0.899	0.944	0.948	0.946	0.899	0.967	0.944	0.958	0.954	0.914	0.946	0.967	0.955	0.944	0.911	0.971	0
