richness	HC1	HC10	HC11	HC12	HC14	HC15	HC16	HC17	HC18	HC19	HC2	HC21	HC22	HC23	HC24	HC25	HC3	HC4	HC5	HC6	HC7	HC8	Patient10	Patient11	Patient12	Patient13	Patient14	Patient15	Patient16	Patient17	Patient20	Patient23	Patient24	Patient26	Patient27	Patient28	Patient29	Patient3	Patient30	Patient31	Patient32	Patient33	Patient34	Patient35	Patient37	Patient38	Patient39	Patient4	Patient40	Patient44	Patient47	Patient49	Patient5	Patient50	Patient51	Patient52	Patient6	Patient7	Patient8	Patient9
1	27.0	27.0	34.0	36.0	39.0	33.0	32.0	38.0	30.0	38.0	37.0	38.0	36.0	22.0	21.0	29.0	41.0	39.0	38.0	31.0	27.0	24.0	24.0	27.0	22.0	42.0	15.0	16.0	17.0	22.0	17.0	20.0	20.0	35.0	14.0	35.0	28.0	27.0	23.0	16.0	33.0	21.0	32.0	18.0	15.0	9.00	28.0	23.0	31.0	32.0	31.0	20.0	6.00	49.0	28.0	27.0	33.0	33.0	33.0	22.0
2	44.0	39.0	69.0	72.0	57.0	55.0	42.0	65.0	49.0	76.0	60.0	68.0	47.0	37.0	33.0	48.0	63.0	62.0	60.0	47.0	49.0	42.0	54.0	44.0	36.0	58.0	26.0	33.0	27.0	36.0	23.0	31.0	30.0	73.0	26.0	52.0	49.0	51.0	37.0	36.0	46.0	35.0	62.0	30.0	24.0	17.0	40.0	39.0	47.0	54.0	44.0	31.0	7.00	77.0	47.0	38.0	48.0	67.0	57.0	36.0
3	58.0	58.0	86.0	85.0	75.0	70.0	58.0	77.0	68.0	104.0	85.0	87.0	54.0	47.0	43.0	57.0	89.0	83.0	78.0	57.0	59.0	56.0	69.0	67.0	45.0	83.0	33.0	49.0	37.0	53.0	32.0	43.0	39.0	86.0	34.0	60.0	65.0	68.0	54.0	48.0	55.0	48.0	81.0	37.0	35.0	28.0	57.0	46.0	56.0	71.0	66.0	45.0	7.00	96.0	58.0	49.0	58.0	80.0	74.0	52.0
4	70.0	63.0	101.0	99.0	83.0	77.0	69.0	90.0	77.0	120.0	93.0	101.0	61.0	62.0	55.0	68.0	107.0	93.0	103.0	70.0	70.0	72.0	89.0	83.0	56.0	97.0	42.0	57.0	45.0	63.0	36.0	52.0	40.0	100.0	41.0	69.0	77.0	83.0	67.0	53.0	70.0	57.0	97.0	43.0	42.0	34.0	63.0	56.0	61.0	87.0	76.0	55.0	11.0	113.0	63.0	52.0	71.0	94.0	85.0	65.0
5	74.0	73.0	121.0	120.0	93.0	88.0	75.0	101.0	94.0	138.0	107.0	112.0	69.0	71.0	62.0	75.0	126.0	104.0	109.0	75.0	78.0	77.0	99.0	98.0	63.0	107.0	49.0	71.0	56.0	74.0	38.0	56.0	46.0	108.0	51.0	75.0	93.0	98.0	73.0	70.0	76.0	65.0	111.0	49.0	47.0	35.0	68.0	72.0	66.0	96.0	88.0	66.0	14.0	131.0	69.0	60.0	86.0	107.0	91.0	76.0
6	85.0	80.0	137.0	134.0	101.0	90.0	82.0	107.0	102.0	152.0	116.0	127.0	75.0	75.0	67.0	89.0	135.0	112.0	126.0	84.0	81.0	87.0	113.0	117.0	74.0	120.0	55.0	73.0	60.0	92.0	47.0	64.0	47.0	117.0	58.0	82.0	100.0	102.0	93.0	76.0	80.0	73.0	126.0	52.0	55.0	41.0	76.0	73.0	76.0	99.0	98.0	72.0	19.0	134.0	80.0	62.0	91.0	135.0	102.0	88.0
7	87.0	86.0	138.0	148.0	108.0	96.0	89.0	117.0	121.0	160.0	137.0	143.0	78.0	95.0	79.0	96.0	149.0	121.0	135.0	90.0	88.0	94.0	125.0	127.0	75.0	128.0	60.0	74.0	62.0	96.0	50.0	72.0	51.0	128.0	61.0	91.0	111.0	117.0	96.0	83.0	90.0	77.0	137.0	60.0	61.0	47.0	78.0	77.0	74.0	115.0	110.0	77.0	20.0	150.0	88.0	65.0	108.0	140.0	116.0	98.0
8	93.0	92.0	153.0	152.0	113.0	106.0	95.0	128.0	120.0	167.0	149.0	148.0	86.0	93.0	82.0	104.0	160.0	125.0	141.0	94.0	99.0	101.0	137.0	139.0	87.0	145.0	71.0	84.0	63.0	108.0	53.0	76.0	53.0	137.0	70.0	95.0	114.0	129.0	104.0	85.0	95.0	84.0	142.0	62.0	61.0	46.0	84.0	87.0	88.0	113.0	112.0	82.0	23.0	156.0	95.0	70.0	116.0	143.0	123.0	111.0
9	98.0	96.0	154.0	162.0	118.0	116.0	101.0	135.0	137.0	179.0	153.0	165.0	90.0	95.0	86.0	107.0	169.0	132.0	149.0	102.0	104.0	111.0	139.0	146.0	92.0	153.0	78.0	82.0	78.0	110.0	63.0	85.0	57.0	149.0	69.0	104.0	119.0	140.0	112.0	96.0	98.0	89.0	160.0	61.0	68.0	48.0	91.0	88.0	92.0	123.0	116.0	93.0	25.0	163.0	98.0	73.0	127.0	158.0	134.0	117.0
10	103.0	103.0	161.0	176.0	130.0	115.0	105.0	140.0	135.0	189.0	159.0	179.0	93.0	103.0	89.0	114.0	180.0	138.0	161.0	107.0	112.0	118.0	145.0	159.0	89.0	162.0	76.0	84.0	88.0	121.0	62.0	81.0	58.0	152.0	73.0	107.0	136.0	150.0	127.0	100.0	110.0	95.0	163.0	70.0	68.0	51.0	96.0	105.0	95.0	135.0	124.0	99.0	26.0	174.0	99.0	73.0	135.0	170.0	144.0	126.0
11	111.0	106.0	170.0	172.0	138.0	123.0	110.0	137.0	142.0	194.0	167.0	186.0	92.0	106.0	93.0	120.0	192.0	145.0	160.0	114.0	112.0	125.0	154.0	164.0	97.0	171.0	86.0	90.0	91.0	124.0	68.0	89.0	59.0	168.0	81.0	113.0	141.0	160.0	125.0	110.0	111.0	100.0	174.0	76.0	68.0	59.0	107.0	100.0	96.0	147.0	128.0	105.0	28.0	186.0	102.0	81.0	145.0	174.0	147.0	147.0
12	111.0	113.0	178.0	184.0	147.0	123.0	110.0	145.0	153.0	203.0	172.0	191.0	103.0	105.0	100.0	125.0	197.0	147.0	169.0	114.0	121.0	122.0	163.0	168.0	104.0	176.0	96.0	88.0	104.0	139.0	78.0	85.0	58.0	179.0	82.0	117.0	145.0	166.0	141.0	111.0	116.0	108.0	182.0	76.0	73.0	59.0	105.0	108.0	104.0	147.0	134.0	104.0	29.0	181.0	105.0	84.0	156.0	185.0	155.0	152.0
13	125.0	115.0	178.0	188.0	149.0	135.0	118.0	151.0	159.0	210.0	181.0	203.0	97.0	117.0	107.0	125.0	203.0	149.0	178.0	124.0	133.0	136.0	168.0	180.0	118.0	182.0	98.0	100.0	104.0	145.0	85.0	94.0	66.0	178.0	90.0	121.0	154.0	173.0	146.0	111.0	125.0	113.0	185.0	76.0	79.0	65.0	112.0	109.0	103.0	153.0	134.0	124.0	33.0	195.0	113.0	90.0	154.0	191.0	173.0	161.0
14	122.0	119.0	191.0	197.0	163.0	139.0	116.0	156.0	165.0	216.0	183.0	209.0	104.0	114.0	112.0	133.0	219.0	155.0	183.0	126.0	130.0	133.0	175.0	181.0	120.0	194.0	107.0	97.0	108.0	149.0	85.0	99.0	67.0	195.0	94.0	128.0	155.0	181.0	154.0	114.0	127.0	121.0	197.0	82.0	88.0	60.0	117.0	117.0	113.0	165.0	147.0	125.0	38.0	203.0	116.0	93.0	164.0	199.0	174.0	171.0
15	129.0	121.0	189.0	200.0	160.0	145.0	117.0	156.0	167.0	226.0	192.0	227.0	104.0	123.0	110.0	137.0	226.0	157.0	194.0	135.0	144.0	146.0	178.0	196.0	123.0	197.0	106.0	100.0	111.0	144.0	83.0	99.0	68.0	197.0	90.0	131.0	166.0	185.0	162.0	121.0	128.0	119.0	204.0	86.0	84.0	68.0	124.0	125.0	118.0	153.0	147.0	128.0	34.0	205.0	118.0	96.0	166.0	207.0	191.0	177.0
16	134.0	126.0	197.0	205.0	166.0	149.0	126.0	167.0	176.0	231.0	195.0	223.0	109.0	122.0	119.0	142.0	233.0	166.0	198.0	136.0	141.0	150.0	186.0	194.0	138.0	204.0	126.0	103.0	118.0	158.0	94.0	104.0	74.0	204.0	101.0	134.0	163.0	188.0	166.0	126.0	137.0	130.0	213.0	90.0	89.0	72.0	130.0	130.0	115.0	165.0	152.0	139.0	39.0	216.0	123.0	99.0	175.0	213.0	183.0	184.0
17	135.0	131.0	206.0	219.0	171.0	149.0	132.0	156.0	176.0	228.0	196.0	240.0	109.0	134.0	121.0	146.0	239.0	167.0	203.0	138.0	147.0	152.0	190.0	203.0	138.0	207.0	133.0	105.0	128.0	162.0	98.0	105.0	77.0	208.0	101.0	134.0	170.0	193.0	174.0	132.0	139.0	132.0	218.0	91.0	88.0	83.0	133.0	141.0	120.0	174.0	157.0	138.0	41.0	225.0	119.0	105.0	189.0	215.0	205.0	183.0
18	139.0	137.0	215.0	216.0	174.0	153.0	138.0	171.0	191.0	233.0	200.0	251.0	110.0	133.0	120.0	146.0	244.0	171.0	209.0	145.0	148.0	157.0	203.0	209.0	140.0	215.0	136.0	115.0	128.0	173.0	102.0	113.0	75.0	213.0	103.0	140.0	178.0	211.0	177.0	137.0	146.0	137.0	227.0	90.0	94.0	75.0	140.0	143.0	128.0	177.0	159.0	147.0	42.0	231.0	125.0	102.0	190.0	224.0	203.0	197.0
19	139.0	142.0	224.0	217.0	181.0	160.0	132.0	172.0	198.0	244.0	206.0	252.0	112.0	145.0	124.0	150.0	254.0	174.0	211.0	151.0	151.0	161.0	207.0	216.0	147.0	219.0	144.0	113.0	132.0	177.0	100.0	112.0	76.0	230.0	110.0	146.0	185.0	208.0	190.0	137.0	153.0	139.0	233.0	96.0	91.0	81.0	137.0	146.0	130.0	185.0	159.0	156.0	48.0	241.0	132.0	106.0	196.0	224.0	212.0	207.0
20	149.0	148.0	220.0	226.0	184.0	163.0	136.0	166.0	194.0	250.0	214.0	256.0	114.0	142.0	128.0	158.0	263.0	181.0	216.0	153.0	154.0	162.0	209.0	215.0	151.0	223.0	148.0	120.0	140.0	178.0	108.0	121.0	77.0	221.0	112.0	145.0	188.0	214.0	193.0	148.0	147.0	132.0	245.0	96.0	93.0	88.0	152.0	152.0	129.0	187.0	166.0	163.0	44.0	248.0	133.0	114.0	196.0	236.0	221.0	211.0
21	148.0	148.0	223.0	233.0	186.0	162.0	136.0	173.0	206.0	254.0	222.0	264.0	113.0	146.0	137.0	160.0	266.0	189.0	223.0	149.0	164.0	167.0	215.0	224.0	157.0	238.0	163.0	122.0	161.0	190.0	105.0	126.0	84.0	247.0	114.0	148.0	192.0	225.0	195.0	144.0	159.0	148.0	244.0	106.0	101.0	84.0	146.0	158.0	137.0	188.0	163.0	159.0	48.0	251.0	138.0	115.0	206.0	232.0	223.0	216.0
22	151.0	146.0	232.0	235.0	192.0	165.0	146.0	183.0	204.0	254.0	225.0	269.0	118.0	155.0	134.0	159.0	274.0	187.0	230.0	163.0	166.0	169.0	223.0	231.0	149.0	244.0	156.0	121.0	148.0	186.0	112.0	123.0	83.0	245.0	120.0	150.0	191.0	232.0	191.0	152.0	160.0	145.0	247.0	104.0	103.0	88.0	155.0	160.0	142.0	197.0	170.0	165.0	47.0	256.0	134.0	118.0	209.0	245.0	229.0	222.0
23	149.0	146.0	231.0	242.0	200.0	173.0	148.0	184.0	214.0	265.0	226.0	282.0	119.0	160.0	137.0	163.0	277.0	195.0	230.0	162.0	165.0	172.0	224.0	232.0	162.0	239.0	168.0	126.0	154.0	191.0	110.0	125.0	84.0	250.0	128.0	157.0	205.0	234.0	208.0	157.0	168.0	150.0	255.0	106.0	104.0	93.0	159.0	165.0	136.0	191.0	179.0	167.0	50.0	264.0	142.0	118.0	206.0	247.0	239.0	232.0
24	159.0	156.0	244.0	252.0	195.0	180.0	155.0	180.0	211.0	259.0	230.0	289.0	121.0	161.0	140.0	167.0	285.0	197.0	234.0	164.0	175.0	184.0	230.0	243.0	171.0	241.0	178.0	126.0	165.0	202.0	113.0	129.0	84.0	262.0	122.0	162.0	200.0	237.0	204.0	167.0	176.0	155.0	260.0	104.0	108.0	96.0	156.0	181.0	147.0	194.0	178.0	170.0	52.0	257.0	139.0	124.0	217.0	264.0	245.0	236.0
25	158.0	154.0	248.0	242.0	203.0	178.0	154.0	186.0	219.0	274.0	230.0	293.0	121.0	163.0	144.0	173.0	289.0	202.0	244.0	168.0	173.0	184.0	230.0	242.0	171.0	251.0	173.0	126.0	163.0	196.0	121.0	131.0	89.0	256.0	142.0	162.0	202.0	252.0	215.0	164.0	170.0	160.0	253.0	112.0	110.0	97.0	174.0	172.0	153.0	213.0	185.0	179.0	60.0	270.0	139.0	128.0	225.0	257.0	257.0	240.0
26	163.0	159.0	257.0	246.0	207.0	172.0	157.0	187.0	224.0	270.0	236.0	300.0	123.0	168.0	141.0	175.0	290.0	204.0	240.0	173.0	176.0	188.0	238.0	246.0	175.0	264.0	179.0	127.0	165.0	214.0	122.0	141.0	91.0	266.0	127.0	169.0	212.0	252.0	211.0	175.0	172.0	160.0	272.0	113.0	114.0	106.0	163.0	182.0	150.0	205.0	181.0	180.0	52.0	268.0	143.0	121.0	228.0	273.0	250.0	247.0
27	166.0	156.0	256.0	249.0	207.0	183.0	153.0	195.0	223.0	274.0	237.0	304.0	123.0	175.0	151.0	177.0	292.0	207.0	244.0	169.0	177.0	195.0	252.0	250.0	174.0	258.0	187.0	130.0	177.0	213.0	124.0	138.0	93.0	272.0	143.0	163.0	218.0	257.0	221.0	175.0	180.0	163.0	275.0	117.0	113.0	111.0	171.0	184.0	149.0	209.0	189.0	186.0	59.0	279.0	146.0	128.0	226.0	274.0	260.0	249.0
28	171.0	162.0	261.0	253.0	200.0	184.0	158.0	190.0	232.0	278.0	244.0	323.0	127.0	180.0	150.0	179.0	300.0	210.0	249.0	178.0	178.0	187.0	247.0	268.0	185.0	267.0	198.0	139.0	181.0	219.0	132.0	144.0	94.0	275.0	141.0	166.0	217.0	253.0	226.0	170.0	180.0	166.0	284.0	119.0	110.0	114.0	173.0	187.0	151.0	224.0	189.0	186.0	59.0	276.0	150.0	131.0	236.0	270.0	266.0	260.0
29	167.0	165.0	263.0	255.0	215.0	188.0	161.0	195.0	232.0	280.0	245.0	308.0	128.0	183.0	147.0	180.0	312.0	216.0	254.0	176.0	186.0	191.0	253.0	270.0	189.0	267.0	193.0	145.0	184.0	223.0	131.0	143.0	93.0	278.0	147.0	165.0	221.0	256.0	231.0	184.0	177.0	161.0	272.0	121.0	115.0	111.0	181.0	188.0	155.0	216.0	192.0	190.0	63.0	286.0	152.0	128.0	246.0	277.0	267.0	259.0
30	169.0	168.0	269.0	252.0	213.0	187.0	158.0	194.0	235.0	286.0	251.0	314.0	130.0	179.0	154.0	187.0	303.0	219.0	248.0	176.0	184.0	198.0	258.0	262.0	195.0	280.0	200.0	140.0	182.0	231.0	136.0	146.0	97.0	283.0	147.0	172.0	219.0	272.0	237.0	176.0	192.0	170.0	290.0	126.0	119.0	115.0	181.0	191.0	163.0	220.0	199.0	196.0	61.0	295.0	152.0	133.0	241.0	285.0	270.0	273.0
31	171.0	169.0	274.0	263.0	215.0	191.0	169.0	196.0	237.0	286.0	252.0	319.0	131.0	186.0	153.0	185.0	307.0	222.0	261.0	182.0	189.0	199.0	265.0	275.0	197.0	278.0	208.0	138.0	194.0	224.0	136.0	145.0	95.0	289.0	144.0	167.0	227.0	277.0	241.0	180.0	190.0	170.0	283.0	136.0	121.0	119.0	192.0	195.0	163.0	228.0	195.0	193.0	62.0	287.0	152.0	146.0	246.0	281.0	278.0	277.0
32	170.0	173.0	278.0	264.0	222.0	194.0	168.0	205.0	245.0	298.0	258.0	330.0	135.0	185.0	159.0	184.0	325.0	222.0	259.0	187.0	192.0	201.0	262.0	271.0	196.0	279.0	210.0	148.0	192.0	231.0	141.0	148.0	102.0	302.0	154.0	173.0	233.0	278.0	242.0	189.0	193.0	171.0	285.0	130.0	123.0	117.0	190.0	205.0	166.0	232.0	203.0	192.0	68.0	296.0	159.0	144.0	251.0	289.0	283.0	270.0
33	175.0	173.0	284.0	263.0	219.0	200.0	171.0	204.0	240.0	297.0	254.0	326.0	134.0	189.0	163.0	187.0	317.0	221.0	265.0	190.0	191.0	213.0	270.0	277.0	206.0	290.0	205.0	155.0	196.0	234.0	145.0	152.0	106.0	299.0	156.0	181.0	242.0	278.0	246.0	190.0	199.0	177.0	298.0	133.0	121.0	124.0	192.0	208.0	165.0	226.0	200.0	195.0	68.0	297.0	160.0	139.0	251.0	293.0	283.0	285.0
34	176.0	178.0	283.0	266.0	223.0	197.0	170.0	202.0	245.0	296.0	262.0	331.0	132.0	206.0	168.0	186.0	326.0	221.0	262.0	187.0	196.0	210.0	274.0	284.0	204.0	290.0	215.0	148.0	202.0	241.0	146.0	158.0	108.0	296.0	158.0	181.0	237.0	291.0	243.0	192.0	202.0	178.0	300.0	136.0	123.0	121.0	193.0	208.0	176.0	236.0	207.0	207.0	70.0	301.0	157.0	146.0	258.0	297.0	295.0	279.0
35	179.0	173.0	292.0	268.0	226.0	200.0	174.0	211.0	240.0	294.0	258.0	344.0	129.0	197.0	162.0	194.0	328.0	235.0	266.0	192.0	201.0	215.0	277.0	289.0	214.0	298.0	211.0	155.0	202.0	240.0	150.0	164.0	103.0	301.0	163.0	184.0	248.0	290.0	248.0	195.0	195.0	182.0	298.0	140.0	137.0	131.0	202.0	211.0	173.0	229.0	208.0	202.0	72.0	300.0	158.0	153.0	263.0	299.0	293.0	282.0
36	186.0	174.0	284.0	274.0	227.0	207.0	171.0	210.0	250.0	305.0	266.0	344.0	137.0	201.0	165.0	198.0	325.0	233.0	275.0	192.0	203.0	214.0	281.0	294.0	217.0	299.0	222.0	156.0	215.0	248.0	155.0	162.0	105.0	305.0	166.0	183.0	247.0	307.0	260.0	199.0	196.0	175.0	305.0	144.0	130.0	125.0	207.0	209.0	178.0	246.0	209.0	209.0	71.0	301.0	157.0	151.0	259.0	307.0	303.0	288.0
37	182.0	176.0	295.0	274.0	227.0	207.0	179.0	214.0	254.0	308.0	270.0	357.0	138.0	195.0	169.0	199.0	335.0	243.0	271.0	195.0	202.0	217.0	278.0	293.0	216.0	304.0	227.0	150.0	213.0	252.0	148.0	167.0	111.0	307.0	172.0	184.0	252.0	301.0	249.0	199.0	211.0	182.0	300.0	147.0	134.0	136.0	206.0	215.0	186.0	241.0	210.0	210.0	76.0	309.0	167.0	152.0	270.0	306.0	304.0	296.0
38	184.0	179.0	291.0	277.0	227.0	212.0	176.0	212.0	256.0	313.0	276.0	351.0	138.0	211.0	178.0	196.0	341.0	240.0	279.0	192.0	204.0	221.0	288.0	299.0	221.0	311.0	227.0	160.0	219.0	253.0	157.0	163.0	112.0	307.0	172.0	187.0	262.0	306.0	258.0	202.0	211.0	178.0	310.0	145.0	136.0	136.0	210.0	217.0	176.0	250.0	211.0	218.0	82.0	305.0	174.0	152.0	276.0	315.0	310.0	300.0
39	193.0	187.0	295.0	280.0	232.0	214.0	182.0	220.0	256.0	302.0	272.0	355.0	141.0	212.0	173.0	208.0	338.0	238.0	284.0	194.0	209.0	227.0	294.0	300.0	225.0	318.0	238.0	163.0	216.0	255.0	153.0	168.0	111.0	317.0	172.0	190.0	254.0	302.0	269.0	202.0	213.0	185.0	312.0	149.0	135.0	136.0	200.0	221.0	186.0	252.0	215.0	217.0	80.0	321.0	172.0	157.0	263.0	318.0	312.0	306.0
40	189.0	187.0	312.0	277.0	232.0	216.0	180.0	232.0	261.0	313.0	281.0	355.0	141.0	211.0	174.0	203.0	351.0	243.0	280.0	203.0	215.0	235.0	297.0	299.0	227.0	316.0	236.0	168.0	224.0	258.0	163.0	169.0	127.0	317.0	178.0	191.0	260.0	313.0	266.0	205.0	227.0	191.0	323.0	155.0	137.0	137.0	211.0	220.0	190.0	249.0	219.0	215.0	83.0	323.0	175.0	163.0	291.0	323.0	319.0	310.0
41	186.0	187.0	308.0	277.0	244.0	221.0	185.0	226.0	259.0	314.0	274.0	365.0	143.0	223.0	181.0	208.0	353.0	237.0	282.0	210.0	213.0	238.0	296.0	311.0	236.0	320.0	240.0	175.0	225.0	266.0	160.0	172.0	124.0	328.0	182.0	188.0	268.0	311.0	270.0	212.0	218.0	190.0	314.0	158.0	146.0	148.0	211.0	228.0	185.0	252.0	220.0	226.0	87.0	327.0	172.0	166.0	284.0	332.0	333.0	322.0
42	191.0	191.0	308.0	285.0	244.0	224.0	186.0	233.0	258.0	319.0	287.0	369.0	144.0	221.0	183.0	208.0	355.0	256.0	287.0	212.0	225.0	250.0	303.0	322.0	242.0	313.0	236.0	178.0	234.0	264.0	179.0	173.0	120.0	330.0	184.0	200.0	268.0	317.0	277.0	211.0	219.0	201.0	322.0	167.0	147.0	144.0	215.0	231.0	197.0	265.0	219.0	229.0	87.0	333.0	168.0	180.0	296.0	330.0	318.0	305.0
43	197.0	189.0	324.0	285.0	252.0	225.0	192.0	241.0	269.0	316.0	292.0	368.0	147.0	222.0	192.0	214.0	361.0	255.0	295.0	210.0	228.0	243.0	312.0	326.0	243.0	332.0	257.0	170.0	238.0	275.0	173.0	181.0	132.0	334.0	183.0	197.0	274.0	316.0	285.0	214.0	229.0	198.0	329.0	164.0	151.0	154.0	221.0	246.0	203.0	268.0	225.0	233.0	101.0	332.0	185.0	159.0	289.0	337.0	326.0	325.0
44	204.0	194.0	320.0	291.0	234.0	222.0	196.0	234.0	273.0	334.0	294.0	380.0	148.0	227.0	186.0	224.0	369.0	260.0	302.0	217.0	227.0	246.0	335.0	324.0	236.0	329.0	262.0	180.0	238.0	284.0	189.0	191.0	137.0	341.0	198.0	199.0	276.0	321.0	293.0	223.0	241.0	206.0	325.0	166.0	152.0	155.0	228.0	241.0	195.0	271.0	225.0	244.0	93.0	336.0	184.0	168.0	292.0	341.0	337.0	334.0
45	203.0	197.0	347.0	292.0	258.0	237.0	202.0	237.0	271.0	342.0	300.0	390.0	158.0	247.0	189.0	216.0	368.0	269.0	308.0	214.0	241.0	246.0	332.0	333.0	258.0	342.0	263.0	178.0	238.0	280.0	185.0	183.0	138.0	336.0	190.0	202.0	284.0	334.0	291.0	228.0	232.0	210.0	337.0	164.0	153.0	161.0	232.0	238.0	208.0	279.0	225.0	239.0	96.0	343.0	191.0	181.0	290.0	350.0	341.0	344.0
46	200.0	198.0	328.0	293.0	249.0	237.0	204.0	242.0	282.0	336.0	300.0	382.0	155.0	246.0	198.0	222.0	391.0	265.0	294.0	213.0	241.0	268.0	331.0	345.0	251.0	339.0	270.0	174.0	234.0	298.0	184.0	180.0	146.0	347.0	195.0	196.0	279.0	340.0	295.0	226.0	248.0	210.0	334.0	176.0	154.0	159.0	236.0	246.0	210.0	288.0	224.0	241.0	101.0	340.0	187.0	173.0	297.0	355.0	346.0	348.0
47	201.0	200.0	330.0	297.0	250.0	243.0	212.0	240.0	277.0	348.0	305.0	396.0	151.0	233.0	202.0	224.0	403.0	270.0	321.0	232.0	244.0	268.0	341.0	351.0	250.0	352.0	272.0	182.0	254.0	283.0	193.0	194.0	154.0	357.0	194.0	213.0	301.0	332.0	305.0	237.0	242.0	213.0	342.0	188.0	161.0	167.0	246.0	254.0	222.0	294.0	232.0	245.0	109.0	339.0	193.0	185.0	311.0	360.0	335.0	340.0
48	208.0	205.0	346.0	297.0	257.0	245.0	197.0	246.0	281.0	344.0	316.0	396.0	160.0	245.0	197.0	226.0	395.0	279.0	315.0	227.0	248.0	266.0	353.0	349.0	252.0	363.0	264.0	179.0	254.0	296.0	192.0	202.0	150.0	355.0	194.0	207.0	306.0	347.0	302.0	232.0	255.0	216.0	341.0	172.0	170.0	180.0	241.0	257.0	216.0	284.0	248.0	255.0	104.0	356.0	197.0	185.0	320.0	371.0	344.0	346.0
49	204.0	202.0	339.0	307.0	265.0	245.0	209.0	250.0	292.0	351.0	314.0	407.0	149.0	256.0	202.0	234.0	396.0	288.0	313.0	232.0	251.0	280.0	351.0	350.0	258.0	354.0	278.0	196.0	252.0	310.0	204.0	193.0	152.0	359.0	212.0	209.0	280.0	352.0	306.0	240.0	249.0	213.0	351.0	197.0	169.0	170.0	247.0	268.0	221.0	285.0	235.0	263.0	111.0	350.0	203.0	196.0	320.0	385.0	358.0	342.0
50	203.0	206.0	351.0	300.0	269.0	244.0	209.0	252.0	297.0	358.0	323.0	411.0	162.0	245.0	203.0	239.0	396.0	272.0	317.0	231.0	250.0	282.0	362.0	352.0	266.0	366.0	296.0	191.0	264.0	293.0	207.0	206.0	145.0	359.0	222.0	215.0	306.0	360.0	297.0	249.0	254.0	217.0	359.0	183.0	175.0	179.0	257.0	275.0	224.0	292.0	244.0	254.0	116.0	361.0	192.0	199.0	313.0	376.0	353.0	351.0
51	211.0	213.0	346.0	307.0	273.0	250.0	223.0	259.0	298.0	352.0	333.0	426.0	159.0	260.0	212.0	233.0	400.0	293.0	332.0	232.0	268.0	289.0	359.0	362.0	268.0	373.0	291.0	194.0	268.0	312.0	205.0	203.0	159.0	371.0	222.0	218.0	310.0	367.0	327.0	254.0	262.0	229.0	350.0	193.0	183.0	179.0	253.0	271.0	227.0	301.0	242.0	266.0	119.0	358.0	198.0	189.0	323.0	380.0	373.0	359.0
52	205.0	216.0	361.0	314.0	268.0	256.0	216.0	268.0	302.0	355.0	329.0	423.0	165.0	268.0	208.0	237.0	404.0	288.0	326.0	235.0	259.0	284.0	350.0	377.0	278.0	375.0	289.0	200.0	265.0	314.0	207.0	209.0	162.0	378.0	218.0	220.0	316.0	375.0	319.0	253.0	271.0	224.0	360.0	198.0	174.0	173.0	252.0	272.0	240.0	302.0	250.0	262.0	121.0	362.0	205.0	199.0	324.0	387.0	374.0	368.0
53	212.0	215.0	360.0	309.0	269.0	262.0	222.0	265.0	304.0	367.0	334.0	436.0	164.0	269.0	207.0	243.0	413.0	290.0	334.0	241.0	272.0	284.0	362.0	368.0	281.0	379.0	305.0	210.0	268.0	312.0	213.0	209.0	164.0	366.0	227.0	229.0	320.0	370.0	330.0	251.0	274.0	228.0	349.0	191.0	173.0	181.0	258.0	280.0	230.0	297.0	257.0	277.0	126.0	372.0	208.0	209.0	330.0	385.0	370.0	371.0
54	220.0	217.0	369.0	315.0	262.0	271.0	221.0	265.0	304.0	361.0	337.0	437.0	167.0	269.0	212.0	248.0	417.0	305.0	343.0	238.0	278.0	290.0	373.0	378.0	276.0	389.0	309.0	211.0	276.0	323.0	220.0	210.0	165.0	373.0	234.0	223.0	321.0	377.0	333.0	246.0	284.0	223.0	369.0	201.0	183.0	181.0	267.0	283.0	245.0	312.0	259.0	274.0	122.0	379.0	206.0	200.0	337.0	391.0	378.0	377.0
55	224.0	222.0	371.0	318.0	276.0	264.0	221.0	266.0	306.0	379.0	331.0	440.0	163.0	282.0	214.0	248.0	431.0	306.0	339.0	245.0	278.0	304.0	379.0	391.0	288.0	377.0	310.0	204.0	274.0	332.0	221.0	216.0	172.0	386.0	229.0	227.0	327.0	379.0	327.0	260.0	277.0	227.0	376.0	208.0	173.0	201.0	270.0	292.0	244.0	314.0	257.0	280.0	125.0	383.0	214.0	210.0	337.0	399.0	373.0	377.0
56	222.0	221.0	383.0	319.0	282.0	269.0	223.0	279.0	312.0	371.0	338.0	441.0	168.0	281.0	219.0	249.0	431.0	305.0	342.0	245.0	275.0	303.0	382.0	390.0	294.0	395.0	314.0	210.0	283.0	328.0	215.0	220.0	168.0	383.0	239.0	231.0	334.0	378.0	346.0	253.0	283.0	231.0	375.0	201.0	183.0	193.0	269.0	288.0	246.0	322.0	256.0	283.0	125.0	381.0	213.0	212.0	338.0	413.0	384.0	386.0
57	229.0	225.0	375.0	322.0	278.0	278.0	230.0	275.0	314.0	384.0	345.0	446.0	168.0	277.0	217.0	248.0	444.0	305.0	338.0	239.0	272.0	299.0	386.0	392.0	295.0	391.0	306.0	220.0	280.0	330.0	219.0	221.0	172.0	391.0	236.0	221.0	335.0	384.0	345.0	263.0	281.0	241.0	377.0	205.0	188.0	199.0	278.0	289.0	253.0	320.0	263.0	286.0	134.0	380.0	222.0	212.0	341.0	405.0	380.0	393.0
58	226.0	221.0	380.0	325.0	282.0	275.0	224.0	273.0	319.0	375.0	343.0	464.0	172.0	291.0	224.0	250.0	451.0	304.0	343.0	253.0	288.0	303.0	391.0	391.0	299.0	392.0	321.0	223.0	283.0	338.0	228.0	233.0	172.0	391.0	241.0	227.0	338.0	393.0	340.0	267.0	287.0	246.0	382.0	214.0	187.0	191.0	287.0	301.0	249.0	327.0	254.0	284.0	127.0	384.0	225.0	214.0	341.0	405.0	388.0	386.0
59	230.0	226.0	388.0	333.0	288.0	278.0	237.0	289.0	323.0	377.0	351.0	456.0	175.0	282.0	221.0	257.0	448.0	307.0	350.0	252.0	295.0	315.0	396.0	401.0	297.0	399.0	317.0	218.0	295.0	340.0	230.0	239.0	182.0	403.0	249.0	236.0	343.0	392.0	345.0	265.0	294.0	236.0	381.0	223.0	192.0	209.0	278.0	291.0	253.0	320.0	263.0	296.0	131.0	391.0	221.0	221.0	342.0	417.0	405.0	387.0
60	230.0	230.0	395.0	320.0	283.0	286.0	234.0	286.0	314.0	387.0	340.0	451.0	173.0	293.0	233.0	259.0	448.0	313.0	353.0	252.0	291.0	319.0	391.0	405.0	307.0	398.0	331.0	224.0	303.0	341.0	231.0	235.0	176.0	404.0	245.0	232.0	342.0	391.0	357.0	264.0	291.0	249.0	390.0	221.0	197.0	204.0	277.0	302.0	254.0	326.0	269.0	303.0	138.0	398.0	224.0	225.0	342.0	417.0	398.0	393.0
61	234.0	228.0	391.0	325.0	289.0	283.0	242.0	283.0	326.0	390.0	351.0	458.0	179.0	295.0	229.0	262.0	450.0	307.0	356.0	251.0	298.0	315.0	395.0	416.0	313.0	401.0	333.0	220.0	291.0	347.0	235.0	228.0	186.0	405.0	249.0	234.0	341.0	390.0	349.0	271.0	289.0	249.0	385.0	218.0	200.0	209.0	291.0	305.0	251.0	331.0	273.0	291.0	140.0	401.0	225.0	225.0	351.0	420.0	405.0	401.0
62	227.0	227.0	396.0	329.0	289.0	278.0	238.0	290.0	329.0	397.0	355.0	468.0	172.0	296.0	231.0	263.0	454.0	321.0	364.0	260.0	299.0	319.0	396.0	405.0	301.0	400.0	322.0	226.0	293.0	349.0	239.0	236.0	188.0	406.0	253.0	235.0	351.0	401.0	363.0	274.0	302.0	246.0	393.0	221.0	196.0	209.0	283.0	309.0	259.0	331.0	274.0	299.0	134.0	402.0	227.0	220.0	356.0	423.0	405.0	408.0
63	231.0	231.0	391.0	323.0	291.0	284.0	245.0	289.0	330.0	395.0	350.0	471.0	172.0	294.0	236.0	260.0	455.0	324.0	354.0	254.0	300.0	320.0	403.0	405.0	311.0	414.0	330.0	225.0	298.0	353.0	243.0	241.0	191.0	409.0	245.0	236.0	348.0	410.0	361.0	270.0	298.0	246.0	386.0	224.0	203.0	207.0	288.0	315.0	262.0	341.0	278.0	307.0	144.0	405.0	229.0	225.0	354.0	424.0	404.0	403.0
64	237.0	225.0	399.0	334.0	292.0	282.0	232.0	291.0	326.0	396.0	357.0	467.0	178.0	297.0	231.0	264.0	454.0	318.0	363.0	263.0	300.0	320.0	405.0	409.0	313.0	410.0	337.0	229.0	308.0	348.0	244.0	244.0	195.0	400.0	253.0	243.0	353.0	404.0	369.0	270.0	296.0	250.0	392.0	228.0	198.0	211.0	294.0	313.0	262.0	335.0	268.0	300.0	142.0	405.0	231.0	228.0	352.0	430.0	414.0	406.0
65	234.0	236.0	400.0	331.0	291.0	291.0	240.0	293.0	335.0	396.0	365.0	473.0	179.0	302.0	235.0	265.0	463.0	325.0	357.0	264.0	301.0	322.0	412.0	413.0	313.0	415.0	335.0	222.0	309.0	354.0	240.0	242.0	195.0	415.0	259.0	235.0	353.0	400.0	365.0	279.0	302.0	253.0	392.0	224.0	205.0	211.0	290.0	306.0	260.0	347.0	274.0	311.0	147.0	407.0	230.0	226.0	358.0	437.0	409.0	413.0
66	236.0	232.0	410.0	332.0	292.0	289.0	244.0	298.0	330.0	398.0	362.0	480.0	177.0	306.0	241.0	270.0	459.0	323.0	366.0	261.0	309.0	328.0	408.0	407.0	320.0	412.0	331.0	231.0	306.0	346.0	239.0	246.0	186.0	411.0	261.0	240.0	359.0	407.0	365.0	279.0	308.0	251.0	398.0	229.0	207.0	213.0	299.0	310.0	267.0	341.0	269.0	308.0	142.0	413.0	236.0	227.0	360.0	425.0	421.0	409.0
67	236.0	233.0	399.0	329.0	293.0	289.0	244.0	298.0	332.0	400.0	363.0	477.0	178.0	311.0	239.0	265.0	462.0	334.0	362.0	256.0	307.0	330.0	410.0	414.0	321.0	415.0	339.0	227.0	309.0	354.0	245.0	243.0	190.0	419.0	258.0	242.0	367.0	408.0	370.0	281.0	306.0	250.0	393.0	232.0	208.0	218.0	299.0	313.0	261.0	337.0	274.0	310.0	148.0	412.0	234.0	230.0	363.0	431.0	419.0	420.0
68	237.0	237.0	404.0	336.0	298.0	293.0	244.0	294.0	328.0	403.0	365.0	482.0	177.0	305.0	237.0	269.0	467.0	331.0	364.0	260.0	308.0	333.0	420.0	414.0	320.0	420.0	349.0	230.0	308.0	355.0	246.0	246.0	200.0	417.0	259.0	243.0	359.0	407.0	359.0	284.0	309.0	251.0	401.0	230.0	208.0	218.0	297.0	311.0	264.0	344.0	278.0	305.0	149.0	417.0	231.0	233.0	367.0	440.0	413.0	414.0
69	244.0	236.0	409.0	335.0	293.0	294.0	244.0	294.0	331.0	400.0	367.0	481.0	178.0	308.0	240.0	273.0	466.0	327.0	371.0	264.0	309.0	330.0	419.0	426.0	317.0	423.0	347.0	236.0	312.0	358.0	250.0	249.0	197.0	417.0	266.0	244.0	361.0	409.0	371.0	284.0	307.0	252.0	399.0	230.0	208.0	221.0	294.0	318.0	274.0	343.0	275.0	309.0	151.0	415.0	237.0	235.0	368.0	439.0	418.0	420.0
70	242.0	233.0	409.0	338.0	296.0	292.0	242.0	299.0	337.0	401.0	367.0	484.0	181.0	305.0	238.0	273.0	467.0	329.0	365.0	268.0	308.0	330.0	419.0	420.0	322.0	414.0	348.0	237.0	314.0	361.0	251.0	250.0	198.0	421.0	261.0	244.0	363.0	412.0	370.0	284.0	306.0	251.0	402.0	236.0	206.0	219.0	304.0	319.0	271.0	351.0	274.0	309.0	152.0	413.0	237.0	233.0	369.0	439.0	422.0	423.0
71	241.0	237.0	413.0	335.0	300.0	294.0	246.0	298.0	328.0	405.0	370.0	480.0	183.0	305.0	238.0	273.0	466.0	331.0	371.0	266.0	316.0	329.0	420.0	429.0	329.0	420.0	346.0	236.0	313.0	365.0	248.0	248.0	201.0	422.0	263.0	244.0	360.0	410.0	368.0	283.0	311.0	256.0	405.0	236.0	208.0	220.0	299.0	321.0	274.0	347.0	275.0	314.0	152.0	413.0	234.0	235.0	367.0	443.0	423.0	423.0
72	241.0	235.0	412.0	337.0	298.0	298.0	246.0	301.0	337.0	406.0	368.0	484.0	181.0	312.0	243.0	274.0	473.0	332.0	372.0	268.0	309.0	336.0	425.0	425.0	323.0	424.0	353.0	234.0	314.0	364.0	248.0	249.0	196.0	420.0	265.0	242.0	366.0	415.0	378.0	285.0	309.0	258.0	404.0	232.0	204.0	223.0	301.0	321.0	277.0	351.0	278.0	315.0	150.0	412.0	234.0	237.0	369.0	441.0	425.0	420.0
73	243.0	237.0	410.0	337.0	297.0	300.0	249.0	302.0	336.0	407.0	370.0	486.0	178.0	314.0	243.0	276.0	472.0	335.0	371.0	264.0	309.0	337.0	423.0	424.0	325.0	425.0	350.0	233.0	315.0	363.0	253.0	251.0	197.0	419.0	266.0	245.0	368.0	417.0	368.0	286.0	315.0	258.0	402.0	233.0	214.0	222.0	305.0	325.0	274.0	344.0	276.0	314.0	154.0	413.0	236.0	236.0	366.0	446.0	425.0	424.0
74	241.0	238.0	416.0	336.0	299.0	296.0	247.0	304.0	334.0	406.0	370.0	487.0	181.0	318.0	246.0	273.0	475.0	333.0	374.0	266.0	314.0	336.0	421.0	424.0	330.0	421.0	351.0	236.0	313.0	366.0	255.0	251.0	198.0	424.0	265.0	249.0	369.0	419.0	372.0	286.0	308.0	258.0	406.0	235.0	207.0	222.0	301.0	322.0	275.0	349.0	278.0	313.0	152.0	417.0	237.0	233.0	373.0	445.0	422.0	426.0
75	241.0	238.0	415.0	337.0	303.0	297.0	247.0	303.0	335.0	406.0	371.0	487.0	180.0	314.0	245.0	277.0	472.0	328.0	375.0	268.0	314.0	336.0	424.0	426.0	323.0	422.0	353.0	239.0	314.0	363.0	254.0	253.0	201.0	426.0	267.0	246.0	371.0	416.0	375.0	287.0	309.0	260.0	405.0	240.0	211.0	223.0	302.0	323.0	274.0	352.0	281.0	315.0	154.0	420.0	240.0	235.0	366.0	447.0	427.0	427.0
76	242.0	239.0	414.0	339.0	299.0	300.0	251.0	300.0	339.0	409.0	373.0	489.0	182.0	315.0	244.0	278.0	475.0	334.0	373.0	266.0	315.0	338.0	426.0	426.0	323.0	422.0	348.0	240.0	315.0	368.0	254.0	251.0	201.0	424.0	263.0	246.0	370.0	419.0	377.0	286.0	315.0	257.0	404.0	236.0	214.0	223.0	303.0	325.0	277.0	349.0	279.0	318.0	152.0	418.0	238.0	234.0	370.0	450.0	422.0	424.0
77	241.0	239.0	414.0	336.0	302.0	297.0	250.0	303.0	334.0	407.0	374.0	488.0	181.0	314.0	244.0	276.0	477.0	330.0	377.0	270.0	315.0	339.0	427.0	430.0	329.0	423.0	353.0	239.0	318.0	365.0	255.0	249.0	203.0	423.0	269.0	248.0	370.0	421.0	378.0	286.0	314.0	258.0	408.0	236.0	214.0	220.0	307.0	323.0	279.0	349.0	280.0	316.0	153.0	417.0	238.0	235.0	370.0	444.0	428.0	427.0
78	244.0	240.0	413.0	340.0	300.0	298.0	246.0	303.0	337.0	408.0	375.0	489.0	181.0	318.0	244.0	275.0	474.0	335.0	378.0	268.0	314.0	340.0	426.0	430.0	331.0	426.0	349.0	238.0	317.0	365.0	256.0	252.0	203.0	427.0	268.0	246.0	368.0	416.0	378.0	287.0	313.0	256.0	408.0	238.0	214.0	225.0	304.0	324.0	279.0	349.0	279.0	318.0	154.0	420.0	238.0	238.0	373.0	444.0	428.0	430.0
79	244.0	238.0	412.0	340.0	300.0	299.0	249.0	306.0	337.0	409.0	374.0	489.0	182.0	317.0	243.0	275.0	476.0	331.0	376.0	268.0	316.0	341.0	427.0	431.0	330.0	423.0	351.0	236.0	317.0	364.0	254.0	253.0	202.0	421.0	270.0	247.0	371.0	419.0	378.0	288.0	311.0	260.0	406.0	239.0	215.0	225.0	306.0	326.0	278.0	350.0	278.0	317.0	151.0	420.0	238.0	236.0	371.0	447.0	428.0	429.0
80	243.0	239.0	415.0	339.0	302.0	297.0	249.0	305.0	341.0	409.0	373.0	487.0	182.0	317.0	245.0	277.0	479.0	335.0	372.0	270.0	315.0	342.0	425.0	428.0	330.0	427.0	354.0	238.0	317.0	364.0	256.0	253.0	202.0	426.0	269.0	248.0	371.0	422.0	377.0	286.0	316.0	260.0	407.0	240.0	213.0	224.0	304.0	325.0	278.0	352.0	281.0	318.0	153.0	421.0	238.0	236.0	373.0	447.0	427.0	429.0
81	245.0	240.0	414.0	340.0	303.0	301.0	250.0	304.0	339.0	411.0	373.0	491.0	182.0	317.0	247.0	275.0	480.0	335.0	376.0	269.0	313.0	342.0	428.0	428.0	328.0	427.0	351.0	239.0	317.0	368.0	254.0	254.0	202.0	428.0	271.0	247.0	371.0	418.0	375.0	288.0	315.0	260.0	407.0	237.0	213.0	226.0	305.0	326.0	277.0	353.0	281.0	319.0	154.0	421.0	239.0	239.0	371.0	449.0	430.0	428.0
82	244.0	240.0	417.0	338.0	302.0	300.0	250.0	304.0	340.0	410.0	373.0	491.0	183.0	318.0	245.0	277.0	478.0	333.0	375.0	270.0	315.0	339.0	429.0	431.0	327.0	426.0	353.0	240.0	318.0	365.0	255.0	254.0	204.0	428.0	270.0	249.0	370.0	419.0	379.0	289.0	316.0	261.0	406.0	240.0	215.0	226.0	305.0	325.0	279.0	351.0	282.0	317.0	154.0	422.0	239.0	239.0	372.0	447.0	428.0	429.0
83	244.0	241.0	417.0	340.0	301.0	300.0	251.0	305.0	340.0	410.0	374.0	490.0	182.0	319.0	244.0	276.0	478.0	335.0	377.0	270.0	316.0	339.0	427.0	432.0	329.0	429.0	354.0	240.0	318.0	369.0	255.0	255.0	201.0	427.0	268.0	249.0	371.0	422.0	378.0	289.0	316.0	261.0	406.0	239.0	213.0	225.0	307.0	325.0	280.0	351.0	281.0	315.0	153.0	420.0	240.0	239.0	374.0	449.0	429.0	430.0
84	244.0	240.0	417.0	340.0	302.0	301.0	249.0	305.0	341.0	410.0	373.0	492.0	183.0	319.0	247.0	278.0	478.0	334.0	377.0	268.0	314.0	339.0	429.0	432.0	331.0	428.0	354.0	239.0	318.0	367.0	255.0	252.0	204.0	428.0	271.0	248.0	372.0	422.0	379.0	289.0	316.0	260.0	408.0	241.0	214.0	225.0	306.0	327.0	280.0	350.0	282.0	318.0	155.0	422.0	239.0	237.0	371.0	450.0	430.0	431.0
85	243.0	241.0	417.0	340.0	303.0	301.0	250.0	306.0	339.0	410.0	375.0	491.0	183.0	318.0	246.0	277.0	480.0	336.0	376.0	270.0	318.0	341.0	428.0	432.0	331.0	429.0	355.0	238.0	318.0	367.0	256.0	254.0	204.0	427.0	270.0	248.0	370.0	422.0	375.0	289.0	317.0	261.0	408.0	241.0	213.0	225.0	307.0	327.0	280.0	352.0	281.0	319.0	154.0	422.0	240.0	237.0	373.0	449.0	428.0	431.0
86	244.0	241.0	417.0	339.0	303.0	300.0	250.0	306.0	339.0	410.0	374.0	492.0	183.0	317.0	246.0	277.0	479.0	335.0	378.0	269.0	317.0	342.0	430.0	431.0	331.0	428.0	354.0	240.0	318.0	367.0	255.0	255.0	204.0	428.0	270.0	249.0	373.0	420.0	375.0	289.0	315.0	261.0	408.0	241.0	215.0	224.0	306.0	326.0	280.0	350.0	282.0	319.0	153.0	420.0	238.0	238.0	373.0	451.0	430.0	430.0
87	245.0	241.0	415.0	340.0	303.0	301.0	251.0	303.0	340.0	411.0	374.0	489.0	183.0	318.0	247.0	278.0	480.0	337.0	378.0	270.0	318.0	342.0	430.0	431.0	330.0	429.0	354.0	240.0	317.0	369.0	254.0	253.0	203.0	427.0	271.0	249.0	373.0	422.0	379.0	288.0	317.0	261.0	407.0	241.0	215.0	225.0	306.0	326.0	278.0	353.0	282.0	320.0	154.0	423.0	240.0	237.0	374.0	449.0	429.0	431.0
88	244.0	241.0	417.0	338.0	303.0	301.0	251.0	305.0	341.0	410.0	375.0	491.0	183.0	318.0	246.0	277.0	480.0	337.0	378.0	270.0	318.0	342.0	430.0	431.0	331.0	427.0	354.0	240.0	319.0	369.0	256.0	253.0	203.0	428.0	271.0	249.0	373.0	421.0	379.0	288.0	317.0	261.0	409.0	241.0	215.0	226.0	307.0	327.0	280.0	353.0	282.0	319.0	153.0	422.0	240.0	237.0	373.0	450.0	428.0	429.0
89	245.0	241.0	415.0	340.0	302.0	301.0	250.0	305.0	339.0	411.0	375.0	492.0	183.0	319.0	246.0	278.0	480.0	337.0	378.0	268.0	317.0	342.0	428.0	432.0	331.0	428.0	355.0	239.0	317.0	369.0	256.0	255.0	203.0	428.0	270.0	249.0	373.0	422.0	379.0	289.0	316.0	261.0	409.0	240.0	215.0	225.0	307.0	327.0	280.0	353.0	282.0	320.0	155.0	422.0	239.0	239.0	373.0	451.0	429.0	430.0
90	245.0	241.0	416.0	339.0	303.0	301.0	250.0	305.0	341.0	411.0	374.0	490.0	183.0	318.0	246.0	277.0	480.0	337.0	378.0	270.0	316.0	342.0	430.0	432.0	331.0	429.0	355.0	239.0	318.0	369.0	256.0	255.0	202.0	428.0	271.0	249.0	373.0	422.0	378.0	289.0	317.0	259.0	409.0	241.0	215.0	225.0	307.0	326.0	279.0	352.0	282.0	318.0	154.0	422.0	240.0	239.0	374.0	449.0	429.0	431.0
91	245.0	240.0	416.0	340.0	302.0	300.0	251.0	306.0	341.0	411.0	375.0	491.0	183.0	319.0	247.0	277.0	480.0	336.0	378.0	270.0	318.0	341.0	430.0	432.0	330.0	426.0	353.0	240.0	319.0	369.0	256.0	254.0	204.0	427.0	271.0	247.0	373.0	422.0	378.0	287.0	317.0	261.0	409.0	241.0	215.0	226.0	307.0	326.0	280.0	353.0	282.0	320.0	155.0	422.0	239.0	238.0	373.0	449.0	430.0	431.0
92	245.0	241.0	417.0	338.0	303.0	301.0	251.0	306.0	341.0	411.0	374.0	492.0	183.0	319.0	247.0	278.0	479.0	337.0	378.0	270.0	317.0	342.0	429.0	432.0	331.0	429.0	353.0	240.0	319.0	369.0	255.0	255.0	204.0	428.0	270.0	249.0	373.0	421.0	378.0	289.0	317.0	261.0	408.0	241.0	215.0	225.0	306.0	327.0	280.0	353.0	282.0	320.0	155.0	423.0	240.0	238.0	373.0	451.0	430.0	429.0
93	245.0	241.0	417.0	340.0	302.0	300.0	251.0	306.0	341.0	411.0	373.0	492.0	183.0	319.0	247.0	278.0	480.0	337.0	378.0	270.0	318.0	342.0	430.0	430.0	331.0	429.0	355.0	240.0	317.0	368.0	256.0	255.0	204.0	428.0	270.0	249.0	373.0	422.0	378.0	287.0	317.0	261.0	409.0	241.0	215.0	226.0	307.0	327.0	280.0	352.0	281.0	320.0	155.0	423.0	240.0	239.0	372.0	451.0	430.0	431.0
94	245.0	240.0	417.0	340.0	303.0	301.0	250.0	305.0	340.0	410.0	375.0	491.0	183.0	319.0	247.0	278.0	480.0	337.0	378.0	270.0	318.0	342.0	430.0	432.0	331.0	429.0	354.0	239.0	319.0	369.0	256.0	255.0	204.0	428.0	270.0	249.0	373.0	422.0	379.0	288.0	317.0	260.0	408.0	241.0	215.0	226.0	307.0	326.0	280.0	353.0	282.0	319.0	155.0	422.0	240.0	239.0	373.0	451.0	430.0	431.0
95	245.0	241.0	417.0	340.0	303.0	301.0	251.0	306.0	341.0	411.0	375.0	491.0	183.0	319.0	247.0	278.0	479.0	337.0	378.0	269.0	316.0	342.0	430.0	432.0	331.0	429.0	355.0	240.0	319.0	369.0	256.0	255.0	204.0	428.0	271.0	249.0	373.0	422.0	379.0	288.0	317.0	261.0	409.0	241.0	215.0	226.0	307.0	326.0	280.0	351.0	281.0	320.0	155.0	423.0	240.0	239.0	373.0	451.0	430.0	430.0
96	245.0	241.0	417.0	340.0	303.0	301.0	251.0	306.0	341.0	411.0	375.0	492.0	182.0	319.0	247.0	277.0	479.0	337.0	377.0	270.0	318.0	342.0	430.0	432.0	331.0	429.0	355.0	240.0	319.0	369.0	255.0	255.0	204.0	428.0	271.0	249.0	373.0	422.0	379.0	289.0	317.0	261.0	409.0	241.0	215.0	226.0	306.0	327.0	280.0	353.0	282.0	320.0	155.0	423.0	240.0	239.0	374.0	450.0	430.0	431.0
97	245.0	241.0	417.0	340.0	303.0	301.0	251.0	306.0	341.0	411.0	375.0	492.0	183.0	319.0	247.0	278.0	480.0	337.0	378.0	270.0	318.0	342.0	430.0	432.0	331.0	429.0	355.0	239.0	319.0	369.0	256.0	255.0	204.0	428.0	271.0	249.0	373.0	421.0	379.0	289.0	317.0	261.0	409.0	241.0	215.0	224.0	307.0	325.0	280.0	353.0	282.0	320.0	154.0	423.0	240.0	239.0	374.0	450.0	430.0	431.0
98	245.0	241.0	417.0	339.0	303.0	301.0	251.0	305.0	341.0	411.0	375.0	492.0	183.0	319.0	247.0	278.0	480.0	337.0	378.0	270.0	318.0	341.0	429.0	431.0	331.0	429.0	355.0	240.0	319.0	369.0	256.0	255.0	204.0	428.0	271.0	249.0	373.0	421.0	379.0	289.0	317.0	261.0	409.0	241.0	215.0	226.0	307.0	327.0	280.0	353.0	282.0	320.0	155.0	423.0	239.0	239.0	374.0	451.0	430.0	431.0
99	245.0	241.0	417.0	340.0	303.0	301.0	251.0	306.0	341.0	410.0	375.0	492.0	183.0	319.0	247.0	278.0	479.0	336.0	378.0	270.0	318.0	342.0	430.0	432.0	330.0	429.0	355.0	240.0	319.0	369.0	256.0	255.0	204.0	428.0	271.0	249.0	373.0	422.0	379.0	289.0	317.0	261.0	409.0	241.0	215.0	226.0	307.0	327.0	279.0	353.0	282.0	320.0	155.0	423.0	240.0	239.0	374.0	451.0	429.0	431.0
100	245.0	241.0	417.0	340.0	303.0	301.0	251.0	306.0	341.0	411.0	375.0	491.0	183.0	319.0	247.0	277.0	480.0	337.0	378.0	270.0	318.0	342.0	430.0	432.0	331.0	429.0	355.0	240.0	319.0	369.0	256.0	255.0	204.0	428.0	271.0	249.0	372.0	422.0	379.0	288.0	316.0	261.0	409.0	241.0	215.0	226.0	307.0	327.0	280.0	353.0	282.0	320.0	155.0	423.0	240.0	239.0	374.0	451.0	430.0	431.0
